0	17	2192	576	16	32
1	1	768	832	512	16
2	1	768	736	416	16
3	1	1216	768	64	16
4	1	1280	687	6	144
5	1	762	686	6	144
6	16	920	816	16	16
7	16	984	816	16	16
8	16	1238	816	16	16
9	14	1106	800	16	32
10	14	1040	704	16	32
11	5	796	768	8	16
12	4	920	800	8	16
13	4	1052	768	8	16
14	13	1116	768	8	16
15	4	860	704	8	16
16	7	988	704	8	16
17	4	1176	704	8	16
18	4	1240	704	8	16
19	2	1152	816	16	16
20	2	1168	800	16	16
21	2	1184	784	16	16
22	2	1200	768	16	16
23	24	1200	752	16	16
24	24	1184	736	16	16
25	24	880	720	16	16
26	24	864	704	16	16
27	24	848	686	16	16
28	1	762	464	6	144
29	1	2304	464	6	144
30	1	768	608	64	16
31	1	832	576	64	16
32	1	928	576	64	16
33	1	768	512	128	16
34	1	928	512	192	16
35	1	864	608	224	16
36	1	1184	576	64	32
37	1	1086	528	32	80
38	1	1120	608	64	16
39	1	1152	512	46	16
40	1	1184	464	32	48
41	1	1248	608	286	16
42	1	1536	608	320	16
43	1	1856	576	96	32
44	1	2048	512	32	48
45	1	1856	480	128	16
46	1	2080	512	64	16
47	1	1792	544	32	16
48	1	2016	464	32	96
49	1	1952	608	64	16
50	1	2016	608	286	16
51	1	2176	544	32	16
52	1	2240	544	32	16
53	24	848	624	16	16
54	24	832	608	16	16
55	24	944	560	16	16
56	24	928	544	16	16
57	24	912	528	16	16
58	24	896	512	16	16
59	24	1120	512	16	16
60	24	1136	528	16	16
61	24	1152	544	16	16
62	24	1168	560	16	16
63	2	2176	592	16	16
64	2	2192	576	16	16
65	2	2208	560	16	16
66	2	2224	544	16	16
67	24	2160	528	16	16
68	24	2144	512	16	16
69	2	2080	496	16	16
70	2	2096	480	16	16
71	2	2112	464	16	16
72	14	944	544	16	32
73	4	796	544	8	16
74	16	1428	592	16	16
75	6	924	544	8	16
76	4	860	480	8	16
77	14	960	480	16	32
78	4	988	480	8	16
79	4	1116	480	8	16
80	5	1052	544	8	16
81	6	1180	544	8	16
82	9	1200	512	16	16
83	4	1244	544	8	16
84	4	1308	480	8	16
85	4	1500	480	8	16
86	4	1564	480	8	16
87	4	1374	544	8	16
88	4	1432	544	8	16
89	15	1296	576	16	32
90	14	1560	576	16	32
91	16	1496	592	16	16
92	4	1630	544	8	16
93	4	1692	544	8	16
94	4	1756	480	8	16
95	7	1820	480	8	16
96	4	1884	544	8	16
97	4	1948	544	8	16
98	16	1816	592	16	16
99	3	2016	560	22	48
100	16	2264	592	16	16
101	4	2138	544	8	16
102	7	2204	480	8	16
103	5	2076	480	8	16
104	17	2128	480	16	32
105	1	544	384	224	16
106	1	598	288	168	16
107	1	512	288	64	16
108	1	528	304	16	80
109	1	2144	384	160	16
110	1	2094	288	160	16
111	1	1984	384	144	16
112	1	1910	288	184	16
113	1	2272	288	32	16
114	1	2048	304	32	80
115	1	1952	352	32	32
116	1	1920	384	32	16
117	1	1824	384	96	16
118	1	1728	288	160	16
119	1	1792	240	32	46
120	1	1696	384	128	16
121	1	1696	320	32	16
122	1	1600	384	96	16
123	1	1568	320	32	16
124	1	1440	352	32	16
125	1	1408	256	128	16
126	1	1312	384	288	16
127	1	1280	288	96	16
128	1	1280	304	32	80
129	1	1110	288	168	16
130	1	1056	288	32	16
131	1	1056	384	224	16
132	1	1024	240	32	96
133	1	1024	384	32	16
134	1	768	384	256	16
135	1	992	240	32	80
136	1	768	288	224	16
137	2	2112	400	16	16
138	2	2128	384	16	16
139	2	2176	368	16	16
140	2	2192	352	16	16
141	2	2208	336	16	16
142	2	2224	320	16	16
143	2	2240	304	16	16
144	2	2256	288	16	16
145	2	896	272	16	16
146	2	912	254	16	16
147	2	928	240	16	16
148	24	640	352	16	16
149	24	656	368	16	16
150	24	624	336	16	16
151	24	592	304	16	16
152	24	608	320	16	16
153	24	576	288	16	16
154	24	1168	368	16	16
155	24	1152	352	16	16
156	24	1136	336	16	16
157	24	1120	320	16	16
158	24	1104	304	16	16
159	24	1088	288	16	16
160	24	1424	336	16	16
161	24	1408	320	16	16
162	24	1392	304	16	16
163	24	1376	288	16	16
164	24	1776	368	16	16
165	24	1760	352	16	16
166	24	1744	336	16	16
167	24	1728	320	16	16
168	24	1888	288	16	16
169	24	1904	304	16	16
170	24	1920	320	16	16
171	24	1936	336	16	16
172	5	2268	320	8	16
173	4	2212	248	8	16
174	4	2138	320	8	16
175	4	2078	254	8	16
176	7	2008	256	8	16
177	4	1880	256	8	16
178	4	1950	316	8	16
179	4	1820	320	8	16
180	7	1754	256	8	16
181	7	1690	256	8	16
182	4	1624	352	8	16
183	4	1560	352	8	16
184	5	1504	324	8	16
185	4	1440	324	8	16
186	6	1376	320	8	16
187	5	1240	320	8	16
188	4	1182	254	8	16
189	4	1120	256	8	16
190	6	1058	320	8	16
191	4	1312	320	8	16
192	15	2140	256	16	32
193	15	1946	256	16	32
194	15	1690	352	16	32
195	15	1374	352	16	32
196	15	1180	352	16	32
197	17	1768	352	22	32
198	17	1216	256	22	32
199	3	1024	336	24	48
200	5	984	324	8	16
201	4	920	352	8	16
202	4	864	256	8	16
203	4	800	256	8	16
204	5	728	320	8	16
205	12	596	320	8	16
206	4	666	352	8	16
207	4	544	256	8	16
208	15	838	256	16	32
209	15	674	352	16	32
210	15	714	256	16	32
211	18	560	256	16	32
212	18	816	352	16	32
213	1	960	160	64	16
214	1	768	160	176	16
215	1	592	160	176	16
216	1	414	160	176	16
217	1	240	160	176	16
218	1	0	160	240	16
219	1	0	96	32	16
220	1	64	128	128	16
221	1	224	96	32	16
222	2	928	176	16	16
223	2	944	160	16	16
224	17	800	128	22	32
225	17	540	128	22	32
226	19	598	128	16	16
227	19	778	116	16	16
228	5	986	96	8	16
229	4	928	128	8	16
230	4	858	32	8	16
231	4	800	32	8	16
231	4	732	112	8	16
233	4	664	128	8	16
234	6	602	96	8	16
235	4	512	128	8	16
236	4	456	96	8	16
237	4	408	128	8	16
238	6	350	96	8	16
239	4	286	128	8	16
240	4	156	96	8	16
241	4	96	96	8	16
242	4	30	32	8	16
243	4	216	32	8	16